---
Bogennummer: '30136'
Ort: Louisendorf
Gid: 99356
Transliterationsprojekt: Citizen Science Projekt
Transliterent: e
Erstelldatum: 2023-07-25 19:16:40.763001
Änderungsdatum: 2023-07-25 19:16:40.763001
Satzversion: 1
...
WS1	e
